Chain
	Aln	2	+6d5dc1a8-7af7-4a58-bb89-02c7ccb6a572 0 11310 11313 +edge_2_0_+disjointig_2_0_11929 1007 11927 11929 -1 -1 9038 0.0155155
Chain
	Aln	3	-6d5dc1a8-7af7-4a58-bb89-02c7ccb6a572 2 11312 11313 -edge_2_0_+disjointig_2_0_11929 1 10921 11929 -1 -1 9038 0.0155155
Chain
	Aln	11	+e2a550cd-9f58-4506-afad-ffa09b56d31f:1-3120 13 3118 3120 -edge_6_0_+disjointig_4_0_3185 11 3183 3185 -1 -1 2216 0.0421117
Chain
	Aln	10	-e2a550cd-9f58-4506-afad-ffa09b56d31f:1-3120 1 3106 3120 +edge_6_0_+disjointig_4_0_3185 1 3173 3185 -1 -1 2216 0.0421117
Chain
	Aln	10	+e2a550cd-9f58-4506-afad-ffa09b56d31f:3508-6306 4 2789 2799 +edge_6_0_+disjointig_4_0_3185 151 2930 3185 -1 -1 2398 0.0210356
Chain
	Aln	11	-e2a550cd-9f58-4506-afad-ffa09b56d31f:3508-6306 9 2794 2799 -edge_6_0_+disjointig_4_0_3185 254 3033 3185 -1 -1 2398 0.0210356
Chain
	Aln	12	+b43068b0-25d6-4dd1-87b0-fb657c4d1abc:1-1728 592 1726 1728 +edge_7_0_+disjointig_5_0_4188 2694 3843 4188 -1 -1 1002 0.025839
Chain
	Aln	13	-b43068b0-25d6-4dd1-87b0-fb657c4d1abc:1-1728 1 1135 1728 -edge_7_0_+disjointig_5_0_4188 344 1493 4188 -1 -1 1002 0.025839
Chain
	Aln	13	+7058ee45-7ba6-44eb-b137-50cef41bd356:112-4416 7 4299 4305 -edge_7_0_+disjointig_5_0_4188 6 4182 4188 -1 -1 3291 0.0259617
Chain
	Aln	12	-7058ee45-7ba6-44eb-b137-50cef41bd356:112-4416 5 4297 4305 +edge_7_0_+disjointig_5_0_4188 5 4181 4188 -1 -1 3291 0.0259617
Chain
	Aln	0	+c8cf16a4-0371-443b-98bf-40d7896fdf46:1800-3205 28 1033 1406 +edge_1_0_+disjointig_1_0_3388 85 1098 3388 -1 -1 769 0.0401659
Chain
	Aln	1	-c8cf16a4-0371-443b-98bf-40d7896fdf46:1800-3205 372 1377 1406 -edge_1_0_+disjointig_1_0_3388 2289 3302 3388 -1 -1 769 0.0401659
Chain
	Aln	1	+74bd4e69-20d7-4710-b587-0cedb180abd0 51 3314 3318 -edge_1_0_+disjointig_1_0_3388 47 3384 3388 -1 -1 2288 0.0443005
Chain
	Aln	0	-74bd4e69-20d7-4710-b587-0cedb180abd0 3 3266 3318 +edge_1_0_+disjointig_1_0_3388 3 3340 3388 -1 -1 2288 0.0443005
Chain
	Aln	3	+8fc34b4f-1dab-49ea-a3f1-1b3f21977fb5:323-2086 29 1372 1764 -edge_2_0_+disjointig_2_0_11929 7746 9104 11929 -1 -1 974 0.0326405
Chain
	Aln	2	-8fc34b4f-1dab-49ea-a3f1-1b3f21977fb5:323-2086 391 1734 1764 +edge_2_0_+disjointig_2_0_11929 2824 4182 11929 -1 -1 974 0.0326405
Chain
	Aln	0	+448b7ea7-8884-4db5-9a07-7da6f81fcd94:1574-3366 408 1789 1793 +edge_1_0_+disjointig_1_0_3388 3 1392 3388 -1 -1 1070 0.0386955
Chain
	Aln	1	-448b7ea7-8884-4db5-9a07-7da6f81fcd94:1574-3366 3 1384 1793 -edge_1_0_+disjointig_1_0_3388 1995 3384 3388 -1 -1 1070 0.0386955
Chain
	Aln	0	+448b7ea7-8884-4db5-9a07-7da6f81fcd94:5954-7755 415 1800 1802 +edge_1_0_+disjointig_1_0_3388 3 1380 3388 -1 -1 939 0.0561914
Chain
	Aln	1	-448b7ea7-8884-4db5-9a07-7da6f81fcd94:5954-7755 1 1386 1802 -edge_1_0_+disjointig_1_0_3388 2007 3384 3388 -1 -1 939 0.0561914
Chain
	Aln	5	+ecb881ba-e3fc-4c4e-9fb5-82a4006798b8:593-2053 4 539 1461 -edge_3_0_+disjointig_3_7_1372 825 1364 1365 -1 -1 476 0.0235395
Chain
	Aln	7	+ecb881ba-e3fc-4c4e-9fb5-82a4006798b8:593-2053 601 1187 1461 -edge_4_0_+disjointig_3_1372_2555 599 1156 1183 -1 -1 300 0.067302
Chain
	Aln	6	-ecb881ba-e3fc-4c4e-9fb5-82a4006798b8:593-2053 273 859 1461 +edge_4_0_+disjointig_3_1372_2555 26 583 1183 -1 -1 300 0.067302
Chain
	Aln	4	-ecb881ba-e3fc-4c4e-9fb5-82a4006798b8:593-2053 921 1456 1461 +edge_3_0_+disjointig_3_7_1372 0 539 1365 -1 -1 476 0.0235395
Chain
	Aln	5	+7db0ee6d-2c27-452f-8699-e45865cab163 1338 1866 8608 -edge_3_0_+disjointig_3_7_1372 824 1352 1365 -1 -1 401 0.0307443
Chain
	Aln	9	+7db0ee6d-2c27-452f-8699-e45865cab163 1863 2455 8608 -edge_5_0_+disjointig_3_3874_5032 593 1132 1158 -1 -1 265 0.0708186
Chain
	Aln	5	+7db0ee6d-2c27-452f-8699-e45865cab163 2964 3614 8608 -edge_3_2_+disjointig_3_5032_6147 458 1108 1115 -1 -1 530 0.0312196
Chain
	Aln	7	+7db0ee6d-2c27-452f-8699-e45865cab163 3645 4224 8608 -edge_4_0_+disjointig_3_1372_2555 598 1156 1183 -1 -1 349 0.0594562
Chain
	Aln	5	+7db0ee6d-2c27-452f-8699-e45865cab163 4513 5027 8608 -edge_3_0_+disjointig_3_7_1372 820 1344 1365 -1 -1 420 0.0337925
Chain
	Aln	7	+7db0ee6d-2c27-452f-8699-e45865cab163 5031 5610 8608 -edge_4_0_+disjointig_3_1372_2555 598 1146 1183 -1 -1 375 0.0577991
Chain
	Aln	5	+7db0ee6d-2c27-452f-8699-e45865cab163 5943 6618 8608 -edge_3_1_+disjointig_3_2555_3874 2 668 1319 -1 -1 587 0.0180421
Chain
	Aln	4	-7db0ee6d-2c27-452f-8699-e45865cab163 1989 2664 8608 +edge_3_1_+disjointig_3_2555_3874 650 1316 1319 -1 -1 587 0.0180421
Chain
	Aln	6	-7db0ee6d-2c27-452f-8699-e45865cab163 2997 3576 8608 +edge_4_0_+disjointig_3_1372_2555 36 584 1183 -1 -1 375 0.0577991
Chain
	Aln	4	-7db0ee6d-2c27-452f-8699-e45865cab163 3580 4094 8608 +edge_3_0_+disjointig_3_7_1372 20 544 1365 -1 -1 420 0.0337925
Chain
	Aln	6	-7db0ee6d-2c27-452f-8699-e45865cab163 4383 4962 8608 +edge_4_0_+disjointig_3_1372_2555 26 584 1183 -1 -1 349 0.0594562
Chain
	Aln	4	-7db0ee6d-2c27-452f-8699-e45865cab163 4993 5643 8608 +edge_3_2_+disjointig_3_5032_6147 6 656 1115 -1 -1 530 0.0312196
Chain
	Aln	8	-7db0ee6d-2c27-452f-8699-e45865cab163 6152 6744 8608 +edge_5_0_+disjointig_3_3874_5032 25 564 1158 -1 -1 265 0.0708186
Chain
	Aln	4	-7db0ee6d-2c27-452f-8699-e45865cab163 6741 7269 8608 +edge_3_0_+disjointig_3_7_1372 12 540 1365 -1 -1 401 0.0307443
Chain
	Aln	5	+9eabaced-c9a9-411e-ade5-e8955259bf6a 8 1091 3660 -edge_3_2_+disjointig_3_5032_6147 1 1090 1115 -1 -1 1031 0.0104253
Chain
	Aln	7	+9eabaced-c9a9-411e-ade5-e8955259bf6a 1129 2258 3660 -edge_4_0_+disjointig_3_1372_2555 20 1180 1183 -1 -1 681 0.0587233
Chain
	Aln	5	+9eabaced-c9a9-411e-ade5-e8955259bf6a 2264 3601 3660 -edge_3_1_+disjointig_3_2555_3874 2 1318 1319 -1 -1 1179 0.0223002
Chain
	Aln	4	-9eabaced-c9a9-411e-ade5-e8955259bf6a 58 1395 3660 +edge_3_1_+disjointig_3_2555_3874 0 1316 1319 -1 -1 1179 0.0223002
Chain
	Aln	6	-9eabaced-c9a9-411e-ade5-e8955259bf6a 1401 2530 3660 +edge_4_0_+disjointig_3_1372_2555 2 1162 1183 -1 -1 681 0.0587233
Chain
	Aln	4	-9eabaced-c9a9-411e-ade5-e8955259bf6a 2568 3651 3660 +edge_3_2_+disjointig_3_5032_6147 24 1113 1115 -1 -1 1031 0.0104253
